London: 51.5026962485475,-0.1425163877401266,100
Hong-Kong : 22.309148765857316,114.17486387975309,100
Berlin : 52.51857721214756,13.404297603497488,100
Arnhem NL: 52.004976196299516,5.878078777254722,100
Munich : 48.14624306109088,11.654141025166277,100
Johannesburg: -26.195246,28.034088,100
New York 40.722115950601264,-74.0002386374415,100
